>TTCYRGGAA	Stat3:Stat1:Stat5a	6.20936066553293	format:homer2
0	0	0	1
0.012766	0.004255	0.038298	0.944681
0.146809	0.823404	0.010638	0.019149
0.0446809553190447	0.644680355319645	0.0212769787230213	0.28936171
0.446808553191447	0.00212799787200213	0.523403476596523	0.02765997
0.129787	0	0.870213	0
0.019149	0	0.955319	0.025532
1	0	0	0
1	0	0	0
>TTTCYAGGAA	Bcl6	6.54476987402176	format:homer2
0.126569037656902	0.222803347280333	0.00732217573221769	0.643305439
0.0397489539748952	0.183054393305441	0.105648535564851	0.671548117
0.00418410041841001	0.011506276150628	0	0.984309623
0	0.85146443514644	0	0.148535565
0.0209205020920501	0.422594142259412	0.0899581589958164	0.466527197
1	0	0	0
0.14330543933054	0	0.85669456066946	0
0.027196652719665	0.02510460251046	0.9163179916318	0.031380753
0.879707112970711	0.031380753138075	0.0836820083682011	0.005230126
0.911087866108787	0.0292887029288699	0.0230125523012549	0.036610879
>TTTCYDRGAATT	Stat5b	7.64678522545773	format:homer2
0.0943912448700411	0.155950752393981	0.0232558139534884	0.726402189
0	0	0	1
0	0	0	1
0	1	0	0
0.0300957592339261	0.444596443228454	0.0437756497948017	0.481532148
0.305061559507524	0.0848153214774282	0.309165526675787	0.300957592
0.292749658002736	0.0369357045143639	0.662106703146375	0.008207934
0	0	1	0
1	0	0	0
1	0	0	0
0.199726402188783	0.164158686730506	0.0670314637482901	0.569083447
0.015389876880985	0.148084815321477	0.0263337893296854	0.810191518
>CCGGAAGT	Gabpa:Elk1:Elk3	5.65296017576709	format:homer2
0.104278700023381	0.77156885667524	0.0921206453121347	0.032031798
0.0511901347863493	0.946372239747634	0.00243762546601663	0
0	0.00121065375302663	0.998789346246973	0
0	0	0.996978851963746	0.003021148
0.992481203007519	0.00195488721804511	0	0.00556391
0.870827285921626	0.013854070457844	0.000659717640849716	0.114658926
0.149149382428338	0.0689815893731065	0.76905150314612	0.012817525
0.0560829241680306	0.175559192580469	0.0482269503546099	0.720130933
>GGAAR	Ets2	3.45454545454546	format:homer2
0.0151515151515152	0.0272727272727273	0.936363636363636	0.02121212
0.0666666666666667	0	0.933333333333333	0
1	0	0	0
0.772727272727273	0.0303030303030303	0.118181818181818	0.07878788
0.251515151515152	0	0.675757575757576	0.07272727
>CCATATAWGG	Srf	7.39952818435767	format:homer2
0.00278164116828929	0.997218358831711	0	0
0	0.993074792243767	0	0.006925208
0.835664335664336	0.00582750582750583	0.0256410256410256	0.132867133
0.0639686684073107	0	0	0.936031332
0.978171896316507	0.00409276944065484	0.00272851296043656	0.015006821
0.0399467376830892	0.00399467376830892	0.00133155792276964	0.954727031
0.890683229813665	0.00124223602484472	0	0.108074534
0.31267217630854	0.00826446280991736	0.00413223140495868	0.674931129
0.00554016620498615	0.00138504155124654	0.993074792243767	0
0	0.00277777777777778	0.995833333333333	0.001388889
>ATAWA	Tbp	3.19063232192974	format:homer2
0.756440281030445	0.0468384074941452	0.00585480093676815	0.19086651
0.112412177985948	0.0152224824355972	0.0866510538641686	0.78571429
0.935597189695551	0.00585480093676815	0.0585480093676815	0
0.647540983606557	0	0.0234192037470726	0.32903981
0.862997658079626	0.00585480093676815	0.0866510538641686	0.04449649
>ACATGYCCGGRCATGT	Trp53	10.3877424201535	format:homer2
0.761994491955356	0.00840701550949413	0.176329902884476	0.05326859
0.00218616401088224	0.956519626894676	0.000631558492032647	0.04066265
0.882013750277223	0.0150809492126857	0.0482738227249205	0.05463148
0.0809889173060529	0.0177133655394525	0.00648858577247324	0.8948091
0.000392099201097878	9.80248002744694e-05	0.999509875998628	0
0.0125301699789452	0.616956811996097	0.00559749396600421	0.3649155
0.0569230056088629	0.801279376999027	0.0193297177026839	0.1224679
0.0604381103193455	0.626814462918976	0.11353919239905	0.1992082
0.221360004598494	0.0847272518250273	0.572167615106053	0.1217451
0.151019720209001	0.031855722231586	0.751980448339794	0.06514411
0.440121429899015	0.00161080478285112	0.546496499597299	0.01177127
0	0.999741668819426	0.000206664944458796	5.166624e-05
0.892179195140471	0.017256850969835	0.0108373024090564	0.07972665
0.0917269802975473	0.0059308403699236	0.00447326095697628	0.8978689
0.0155885016923297	0.00157315154693235	0.979596701148877	0.003241646
0.0396088680605624	0.150414563806777	0.00522710886806056	0.8047495
>ATYGRT	Cux1	4.0014150994717	format:homer2
0.946933962264151	0.0106132075471698	0.0318396226415094	0.01061321
0.0106132075471698	0.0235849056603774	0	0.96580189
0	0.675117924528303	0.0424528301886793	0.28242925
0.134433962264151	0.0424528301886793	0.759433962264152	0.06367925
0.68867924528302	0	0.268867924528302	0.04245283
0.0117924528301887	0.0224056603773585	0	0.96580189
>TCACGTG	Arntl	5.11027632039749	format:homer2
0.0616879123509085	0.0439076252870788	0.142891843015941	0.7515126
0.00273163289570553	0.99714835439247	3.66955260044407e-05	8.331719e-05
0.953024935954571	0.0161132363819256	0.010172022604887	0.02068981
0.00193896637768629	0.965025991365486	0.00941359608063029	0.02362145
0.048058524068725	0.00267091075274106	0.946167409606807	0.003103156
0.0540227421954848	0.05793983297776	0.0513880219689954	0.8366494
0.00943180544442445	0.00411273203334131	0.93831670917753	0.04813875
>GTCACGTG	Usf1:Usf2:Atf3:Tfeb	6.1137016	format:homer2
0.116564	0.014315	0.869121	0
0.006135	0.047035	0.010225	0.936605
0	1	0	0
0.997955	0.002045	0	0
0	0.973415	0.010225	0.01636
0.128834	0	0.871166	0
0.006135	0	0	0.993865
0	0	1	0
>STGACGTMAS	Atf2	6.62857146285714	format:homer2
0	0.285714285714286	0.571428571428571	0.1428571
0	0	0	1
0	0	1	0
1	0	0	0
0	1	0	0
0	0	1	0
0	0.142857142857143	0	0.8571429
0.571428571428571	0.428571428571429	0	0
0.714285714285714	0	0.142857142857143	0.1428571
0.142857142857143	0.571428571428571	0.285714285714286	0
>TGACGY	Creb1	4.38813820847414	format:homer2
0	0.00276396129808602	0.00214974767628912	0.99508629
0.00245685448718757	0	0.98218780496789	0.01535534
0.99201522291664	0.00245685448718757	0.00552792259617203	0
0	0.881082220448653	0.0670167285095069	0.05190105
0.0181193018430083	0.00706345665066426	0.96222586225949	0.01259138
0.0482157693110561	0.258018498950182	0.0211903699519928	0.67257536
>ACACGTGT	Clock:Bhlhe41	5.60248784252089	format:homer2
0.696428571428571	0.137987012987013	0.144480519480519	0.021103896
0.0247747747747748	0.966216216216216	0.0045045045045045	0.004504505
0.955456570155902	0.0111358574610245	0.0334075723830735	0
0.0338266384778013	0.906976744186046	0	0.059196617
0.0852878464818763	0	0.914712153518124	0
0.00678733031674208	0.0113122171945701	0.0113122171945701	0.970588235
0	0.00680272108843537	0.972789115646258	0.020408163
0.00144508670520231	0.219653179190751	0.158959537572254	0.619942197
>GGCACGTGCC	Hes5	7.67328689935662	format:homer2
0.00390776385479912	0.00197002971192352	0.993379408345175	0.0007427981
0.120779919065003	0.00831989133203158	0.870447406401223	0.0004527832
0.000422105331515033	0.998733684005455	0.000389635690629262	0.000454575
0.993539843018185	0.00500662166090636	0.000516812558545173	0.0009367228
6.49603741717552e-05	0.99905807457451	0.000422242432116409	0.0004547226
0.000615603939865215	0.00197641264904095	0.996597978227061	0.0008100052
0.000194464250988527	0.00226874959486614	0.000615803461463668	0.9969209827
0.000226727991189998	0.00278551532033426	0.996275183001879	0.0007125737
0.00120544170828311	0.756697581736328	0.0101601515412433	0.231936825
0.000257474815744585	0.989958482185961	0.00189887676611631	0.0078851662
>ACGTG	Hif1a	3.87654520686228	format:homer2
0.849807902824935	0.00103159856177162	0.146065702927979	0.003094796
0	0.998968401438229	0	0.001031599
0	0.00206319712354324	0.996905204314686	0.001031599
0	0	0	1
0	0	1	0
>TTACGTAAY	Dbp	6.3955371770578	format:homer2
0.000695782487690002	0.000856347677156926	0.000107043459644616	0.9983408264
0.0010507880910683	0.000900675506629972	0.0646985238929197	0.9333500125
0.953142565150741	0.000510986203372509	0.0463464486458866	0
0.000385746660880467	0.899416558175418	0	0.1001976952
0.202854708138049	0.00195994887089902	0.794759267149553	0.0004260758
0	0.087730451366815	9.78042936084894e-05	0.9121717443
0.946372399797057	0.0526636225266362	0.000405885337392187	0.0005580923
0.998875441790725	0.000321302345507122	0	0.0008032559
0.00680538555691554	0.557992656058751	0.0799020807833537	0.3552998776
>TTACRTAA	Tef:Nfil3	5.87826087095652	format:homer2
0	0.0434782608695652	0	0.95652174
0	0	0	1
1	0	0	0
0	0.91304347826087	0	0.08695652
0.65217391304348	0	0.34782608695652	0
0.0434782608695652	0	0	0.95652174
0.91304347826087	0.08695652173913	0	0
0.956521739130435	0	0	0.04347826
>ATTTGCAT	Pou2f1:Pou2f2	6.09672059434228	format:homer2
0.881504153913422	0.00830782684739832	0.000437254044599911	0.109750765
0	0	0	1
0.11193703541758	0.00087450808919983	0	0.887188456
0	0	0	1
0.0690861390467857	0	0.873196327066027	0.057717534
0	0.993003935286401	0	0.006996065
0.986882378662003	0.013117621337997	0	0
0	0.00087450808919983	0	0.999125492
>GGGCG	Klf7	3.56604121600516	format:homer2
0.17485004076135	0.000228533767117247	0.823800753256246	0.001120672
0.000271747638985622	0.000173273944767151	0.999363481091634	0.0001914973
7.40771146027534e-05	0.000241074650739663	0.999596161826848	8.868641e-05
0.100742584631868	0.660217018005044	0.010304375355511	0.228736
0.0152107218146911	0.000320459480145921	0.974574105826681	0.009894713
>GGGGGAGGGG	Zfp148	6.69530685920578	format:homer2
0	0.101083032490975	0.866425992779784	0.03249097
0.0902527075812274	0	0.909747292418773	0
0	0	1	0
0.0469314079422383	0	0.898916967509026	0.05415162
0	0	1	0
0.48014440433213	0.216606498194946	0.115523465703971	0.18772563
0.209386281588448	0	0.772563176895307	0.01805054
0.0324909747292419	0.0288808664259928	0.938628158844766	0
0.205776173285199	0	0.776173285198556	0.01805054
0.116425992779783	0.101985559566787	0.726534296028881	0.05505415
>GGGCGGGG	Sp3	5.31349397590361	format:homer2
0.13855421686747	0.00240963855421687	0.854819277108432	0.004216867
0.00240963855421687	0.0102409638554217	0.977409638554213	0.009939759
0.00963855421686747	0.019578313253012	0.96626506024096	0.004518072
0.234487951807229	0.627560240963857	0.0506024096385542	0.087349398
0.0444277108433735	0.0343373493975904	0.890210843373492	0.031024096
0.0072289156626506	0.0147590361445783	0.87168674698795	0.106325301
0.189457831325301	0.0349397590361446	0.719277108433735	0.056325301
0.0951807228915662	0.133132530120482	0.734638554216867	0.037048193
>AGCAGSTG	Tcf12	5.61669469280116	format:homer2
0.659176660837004	0.0113297563512178	0.0976243171677081	0.2318693
0.157056101485192	0.0332067970394061	0.809737101475401	0
0	1	0	0
1	0	0	0
0	0	1	0
0.0121082217777819	0.435937174533173	0.551954603689046	0
0	0	0	1
0	0	1	0
>AGGTG	Zeb1	4	format:homer2
1	0	0	0
0	0	1	0
0	0	1	0
0	0	0	1
0	0	1	0
>GATGACGTCATCA	Batf3	9.95365303440687	format:homer2
0.0285204991087344	0.0124777183600713	0.926916221033868	0.032085561
0.905960264900662	0.0357615894039735	0.0516556291390728	0.006622517
0.004739336492891	0	0	0.995260664
0.00572519083969466	0.00381679389312977	0.979007633587786	0.011450382
0.997118155619596	0.00288184438040346	0	0
0	0.989389920424403	0	0.01061008
0	0	0.997991967871486	0.002008032
0	0	0	1
0	1	0	0
0.998635743519782	0	0	0.001364256
0.00233644859813084	0.0467289719626168	0.0257009345794393	0.925233645
0.0205314009661836	0.938405797101449	0.0132850241545894	0.027777778
0.788146279949559	0.0378310214375788	0.123581336696091	0.050441362
>RTAAACAA	Foxp1	5.68162951288024	format:homer2
0.294014084507042	0.000586854460093897	0.70481220657277	0.0005868545
0.0480038022813688	0.000475285171102662	0.000475285171102662	0.9510456274
0.90351711026616	0.095532319391635	0.000475285171102662	0.0004752852
0.951045627376426	0.000475285171102662	0.000475285171102662	0.0480038023
0.998574144486692	0.000475285171102662	0.000475285171102662	0.0004752852
0.000475285171102662	0.90351711026616	0.000475285171102662	0.0955323194
0.998574144486692	0.000475285171102662	0.000475285171102662	0.0004752852
0.690950920245399	0.0774539877300614	0.0774539877300614	0.1541411043
>GTAAACA	Foxo1	5.15373492176706	format:homer2
0.19397590361446	0	0.80602409638554	0
0.1855421686747	0	0.0630522088353409	0.7514056
0.88473895582329	0.11526104417671	0	0
1	0	0	0
1	0	0	0
0	1	0	0
1	0	0	0
>TGACASCTGTCA	Pknox1:Tgif1:Tgif2	9.05296724211862	format:homer2
0.0230104940970704	0.0105487538259729	0.00311543506777438	0.963325317
0.000719902536272012	0.00382102115405914	0.994406911064348	0.0010521652
0.984196156673317	0.000472540165914103	0.00530295075081382	0.0100283524
0.000266524520255864	0.983519900497512	0.000577469793887704	0.0156361052
0.997099046829673	0.000828843762950684	0.00181309573145462	0.0002590137
0.00130718954248366	0.48813209494324	0.454833161334709	0.0557275542
0.0532034301620797	0.945494544964755	0.000314281865936335	0.000987743
0.000392905253704535	0.00213291423439605	0.000168387965873372	0.9973057925
0.000441330611794561	0	0.998951839796988	0.0006068296
0.00124773139745917	0.00828039927404719	0.000340290381125227	0.9901315789
0.000585823081429408	0.99409670587175	0.00428101482583029	0.0010364562
0.979549163606691	0.00372297021623827	0.0119339045287638	0.0047939616
>SAGCTG	Tfap4	4.34285714285714	format:homer2
0	0.714285714285714	0.285714285714286	0
0.714285714285714	0.142857142857143	0	0.1428571
0	0	1	0
0	1	0	0
0	0	0	1
0	0	1	0
>GGATGAYGCAATM	Atf4	8.8777536467196	format:homer2
0.229634831460674	0.0259831460674157	0.650983146067416	0.093398876
0.0653120464441219	0.23367198838897	0.554426705370102	0.14658926
0.867796610169492	0.0754237288135593	0.0567796610169492	0
0	0.00188146754468485	0	0.998118532
0.000880281690140845	0	0.996478873239437	0.002640845
0.999103139013453	0	0	0.000896861
0	0.310369318181818	0.00142045454545455	0.688210227
0	0.00323101777059774	0.996768982229402	0
0	0.960610932475884	0	0.039389068
1	0	0	0
0.998168498168498	0.00183150183150183	0	0
0	0.129032258064516	0.0281224152191894	0.842845327
0.395250212044105	0.543681085665819	0.0466497031382528	0.014418999
>TTRCGCAAY	Cebpb:Cebpd	6.08936477730066	format:homer2
0.000652954619653934	0.00326477309826967	0.00163238654913484	0.994449886
0.00152858453072455	0.00183430143686946	0.0654234179150107	0.931213696
0.445035279680949	0.00122711933735556	0.489416095715308	0.064321505
0.0187506072087827	0.887787816962985	0.00505197707179637	0.088409599
0.0980032796373107	0.00848847303945211	0.881450757210379	0.01205749
0.113279857397504	0.814438502673797	0.00089126559714795	0.071390374
0.989710819885194	0.00888118704646377	0.00140799306834182	0
0.995750245178163	0.0011986487959028	0.0013076168682576	0.001743489
0.0037914691943128	0.334913112164297	0.0338072669826224	0.627488152
>WACGTW	Crebzf	3.98739048143009	format:homer2
0.498756218905473	0.00124378109452736	0.00124378109452736	0.498756219
0.996681415929204	0.00110619469026549	0.00110619469026549	0.001106195
0.00110619469026549	0.996681415929204	0.00110619469026549	0.001106195
0.00110619469026549	0.00110619469026549	0.996681415929204	0.001106195
0.00110619469026549	0.00110619469026549	0.00110619469026549	0.996681416
0.498756218905473	0.00124378109452736	0.00124378109452736	0.498756219
>TCCCW	Ebf1	3.45922089437409	format:homer2
0.0143798681845416	0.0503295386458957	0.0101857399640503	0.925104853
0.0139949109414758	0.982188295165394	0	0.003816794
0	0.930681133212779	0.00482218203737191	0.064496685
0	0.982813494589433	0.00381922342457034	0.013367282
0.312176165803109	0.134715025906736	0.0498704663212435	0.503238342
>AAGAGGAAGTG	Sfpi1	7.07912422516613	format:homer2
0.663124852860395	0.0487012477438594	0.188840932276542	0.099332967
0.607109785764732	0.00838107196107673	0.180224436945771	0.204284705
0.19739464804206	0.12744251746057	0.67516283449737	0
0.711857490386882	0.0503649062230241	0.230448089146981	0.007329514
0.0753511731931263	0	0.924648826806874	0
0	0	1	0
0.999215255434356	0	0.000784744565643877	0
1	0	0	0
0.0539276465510481	0.15922467236914	0.786847681079812	0
0.129482853331241	0.0505846347014052	0.0531272070940912	0.766805305
0.0611002118810328	0.188935101624419	0.714133249627248	0.035831437
>TGACCTT	Esrra	5.13073827260969	format:homer2
0.00524721011011751	0.123050772300643	0.0041386445938955	0.867563373
0.0695481584609543	0.0461966839640552	0.882103531198582	0.002151626
0.880068812976161	0.0571803063815843	0.00606209551896453	0.056688785
0.00772143440492984	0.983814685574282	0.00556834211893979	0.002895538
0.0365312873935384	0.945590202013092	0.0073907228830858	0.010487788
0.00542784163473819	0.0101372924648787	0.0134897828863346	0.970945083
0.0155856062342425	0.0989380395752158	0.00213920085568034	0.883337153
>TGACCT	Rara	4.8	format:homer2
0	0	0	1
0	0	1	0
1	0	0	0
0	1	0	0
0	1	0	0
0	0	0	1
>CGGACACAAT	Foxk1	7.80007701243738	format:homer2
0.0117873466442146	0.952128939138802	0.0233341351936493	0.012749579
0.0083674559373331	0.00605305323126224	0.985579490831405	0
0.00110031175499725	0.0122868145974693	0.953970291582615	0.032642582
0.999016070842899	0	0.000983929157100689	0
0	1	0	0
0.999360613810742	0	0.000639386189258312	0
0	0.983529411764706	0.00676470588235294	0.009705882
0.976548406494287	0.00450992182802165	0.00691521346963319	0.012026458
0.987750224081267	0	0.00179265013444876	0.010457126
0.0321644498186215	0.0026602176541717	0.052962515114873	0.912212817
>TAGTTA	Hmbox1	4.2226202923987	format:homer2
0.0538020086083214	0.0179340028694405	0.04519368723099	0.883070301
0.749695493300853	0	0.223507917174178	0.02679659
0.00155159038013964	0.0395655546935609	0.95500387897595	0.003878976
0.0205859065716548	0.000791765637371338	0.00395882818685669	0.9746635
0.155307994757536	0.0327653997378768	0.00524246395806029	0.806684142
0.909158050221566	0.00295420974889217	0.0125553914327917	0.075332349
>RTGACTCA	Jun	5.9239832	format:homer2
0.667421	0.015837	0.30543	0.011312
0	0.002262	0	0.997738
0	0.002262	0.997738	0
0.988688	0	0.006787	0.004525
0	0.828054	0.070136	0.10181
0.015837	0	0.00905	0.975113
0.047511	0.952489	0	0
0.997738	0	0	0.002262
>ATGAC	Nfe2l1	3.71612903225807	format:homer2
0.806451612903226	0	0.161290322580645	0.03225806
0	0	0	1
0	0	1	0
1	0	0	0
0	0.838709677419355	0.0645161290322581	0.09677419
>YYCCGGS	Mecp2	4.58003808212082	format:homer2
0	0.558292781747813	0	0.44170722
0	0.424931238615858	0	0.57506876
0	0.999999999999999	0	0
0	0.999999999999999	0	0
0	0	0.999999999999999	0
0	0	0.999999999999999	0
0.0250052893372417	0.358303360422297	0.59168606090322	0.02500529
>CGTGYGCAM	Mtf1	6.34668996277337	format:homer2
0.00490196078431373	0.985294117647059	0.00490196078431373	0.004901961
0.00247524752475248	0.00247524752475248	0.992574257425743	0.002475248
0.00247524752475248	0.00247524752475248	0.00247524752475248	0.992574257
0.00247524752475248	0.00247524752475248	0.992574257425743	0.002475248
0.00247524752475248	0.497524752475247	0.00247524752475248	0.497524752
0.00247524752475248	0.00247524752475248	0.992574257425743	0.002475248
0.00247524752475248	0.992574257425743	0.00247524752475248	0.002475248
0.992574257425743	0.00247524752475248	0.00247524752475248	0.002475248
0.495098039215686	0.495098039215686	0.00490196078431373	0.004901961
>CVGTTGGKGG	Myb	5.89863618321823	format:homer2
0.0666666666666667	0.816666666666667	0.0333333333333333	0.08333333
0.3	0.3	0.333333333333333	0.06666667
0	0	1	0
0	0	0	1
0	0	0	1
0.183333333333333	0.0166666666666667	0.783333333333333	0.01666667
0.157894736842105	0.157894736842105	0.552631578947368	0.13157895
0.0294117647058824	0.205882352941176	0.441176470588235	0.32352941
0.1	0.1	0.6	0.2
0.0769230769230769	0	0.846153846153846	0.07692308
>TCAGCA	Maff:Mafk	4.65359434063103	format:homer2
0	0.00429346932061189	0	0.99570653
0.0439052475736138	0.956094752426386	0	0
1	0	0	0
0	0	0.913620661292976	0.08637934
0	0.999210396446784	0.000789603553215993	0
0.952360585622636	0.00707353183089317	0	0.04056588
>TGTTCY	Nr3c1	4.04978652455529	format:homer2
0.0115280480998608	0.0470563152181026	0.0108715789061601	0.93054406
0.00205562825194207	0.124374915977375	0.844114768620855	0.02945469
0.0191597154330415	0.0419912997215522	0.00603786600887104	0.93281112
0.063504329042581	0.18546795607035	0.0379339906139204	0.71309372
0.00879291058092521	0.959397067073263	0.00283185723722177	0.02897817
0.0194160198143517	0.296326515805609	0.00198504883712377	0.68227242
>GKGGGCGKGK	Klf16	6.54984488611272	format:homer2
0.181639666175749	0.0112911143838979	0.791359842906235	0.015709377
0.0239377618192699	0.0113704368641532	0.703171753441053	0.261520048
0.0561342592592593	0.00173611111111111	0.93287037037037	0.009259259
0	0.00493218249075216	0.99383477188656	0.001233046
0	0	0.995061728395062	0.004938272
0.150093109869646	0.600372439478585	0.0644320297951583	0.185102421
0.0110851808634772	0.00991831971995333	0.94049008168028	0.038506418
0	0.0194765672550213	0.280584297017651	0.699939136
0.0260869565217391	0.00347826086956522	0.934492753623188	0.035942029
0.0428677014042868	0.0284552845528455	0.595713229859571	0.332963784
>TGGGGTGA	Srebf1	5.65517241379311	format:homer2
0	0	0	1
0	0.18965517241379	0.77586206896552	0.03448276
0.24137931034483	0	0.75862068965517	0
0.0172413793103451	0.224137931034481	0.655172413793103	0.10344828
0	0.12068965517241	0.87931034482759	0
0	0	0	1
0	0	1	0
1	0	0	0
>MCACCTGC	Tcf3	5.74545454545455	format:homer2
0.636363636363636	0.363636363636364	0	0
0	1	0	0
1	0	0	0
0	0.727272727272727	0.181818181818182	0.09090909
0	1	0	0
0	0	0	1
0	0	1	0
0	0.818181818181818	0	0.18181818
>CASCTG	Lmo2	4.36129032258065	format:homer2
0	1	0	0
1	0	0	0
0	0.67741935483871	0.258064516129032	0.06451613
0.161290322580645	0.774193548387097	0	0.06451613
0	0	0	1
0	0	1	0
>GGGGK	Zbtb7b	3.35456700579534	format:homer2
0.159940630395166	0.0214302330996156	0.792191128111402	0.026438008
0.0199986478738907	0.000174761108097688	0.833525807345189	0.146300784
4.39963490149299e-05	4.06137489575621e-05	0.998597078899181	0.001318311
0.00548958956242789	6.80749137455082e-05	0.985208694095135	0.009233641
0.0365749379745211	4.5930001508051e-05	0.583686048793264	0.379693083
>RGGGKC	Zbtb7a	4.0704	format:homer2
0.338	0.004	0.658	0
0.026	0	0.924	0.05
0.004	0	0.992	0.004
0.012	0	0.988	0
0	0	0.434	0.566
0.02	0.96	0	0.02
>AACCCTA	Terf2	5.43689297635045	format:homer2
0.999890829743071	3.63905546554089e-05	3.63905546554089e-05	3.639055e-05
0.796771271722711	0.203155948575012	3.63905546554089e-05	3.639055e-05
3.63905546554089e-05	0.999890829743071	3.63905546554089e-05	3.639055e-05
3.63905546554089e-05	0.999890829743071	3.63905546554089e-05	3.639055e-05
3.63905546554089e-05	0.999890829743071	3.63905546554089e-05	3.639055e-05
3.63905546554089e-05	3.63905546554089e-05	3.63905546554089e-05	0.9998908
0.999890829743071	3.63905546554089e-05	3.63905546554089e-05	3.639055e-05
>CKCGTGKC	Hes1	4.73333333866667	format:homer2
0.0375	0.883333333333333	0	0.07916667
0.0916666666666667	0.116666666666667	0.3125	0.47916667
0.175	0.720833333333333	0.104166666666667	0
0	0.125	0.729166666666667	0.14583333
0.0208333333333333	0	0	0.97916667
0	0	1	0
0.0708333333333333	0.2375	0.425	0.26666667
0.0541666666666667	0.7	0.191666666666667	0.05416667
>AACAATT	Sox4	5.56825568266927	format:homer2
1	0	0	0
0.990942028985507	0	0.00905797101449275	0
0	1	0	0
0.998175182481752	0	0.00182481751824818	0
0.992740471869328	0	0.00544464609800363	0.001814882
0	0	0.00182481751824818	0.998175182
0	0	0.0197132616487455	0.980286738
>TGACGTGKCWWW	Xbp1	7.01565812237037	format:homer2
0.12	0.04	0.04	0.8
0.16	0	0.72	0.12
1	0	0	0
0	1	0	0
0	0	1	0
0	0.133333333333333	0	0.86666667
0.0333333333333333	0	0.9	0.06666667
0.037037037037037	0.0740740740740741	0.407407407407407	0.48148148
0.185185185185185	0.592592592592593	0.0740740740740741	0.14814815
0.37037037037037	0.185185185185185	0.185185185185185	0.25925926
0.269230769230769	0.192307692307692	0.0384615384615385	0.5
0.384615384615385	0.0769230769230769	0	0.53846154
>CTTTGAW	Lef1:Tcf7l2	4.84491921151882	format:homer2
0.00483384832848162	0.927710296582438	0.0208802314395237	0.04657562
0.0345761092491227	0.0453518903913493	6.97668830914872e-05	0.92000223
0.0006141977386447	0.0130700780448713	0.0139521307810994	0.97236359
0.0021266440970923	0.00025788829999889	0.00555269639176355	0.99206277
0.00865981436373085	0.0966919166160091	0.817990592024702	0.07665768
0.758901535791391	0.0623921646375279	0.0178964513501645	0.16080985
0.294035867807659	0.00926155373039493	0.0295845748126732	0.667118
>CYWGGGTGKSGCT	Klf3	7.55312496	format:homer2
0	0.796875	0.125	0.078125
0.140625	0.390625	0.125	0.34375
0.34375	0	0.125	0.53125
0.140625	0	0.859375	0
0	0	0.859375	0.140625
0	0	1	0
0	0	0	1
0.140625	0	0.859375	0
0	0	0.390625	0.609375
0.140625	0.265625	0.59375	0
0	0.125	0.734375	0.140625
0.203125	0.515625	0.140625	0.140625
0.23828125	0.03515625	0.03515625	0.6914062
>GCGTGGGCG	Egr2	6.65917165853351	format:homer2
0.081039755351682	0.00305810397553517	0.912504247366633	0.003397893
0.0404040404040404	0.906865262797466	0.0174627632254751	0.035267934
0.000713266761768902	0.00249643366619116	0.99679029957204	0
0.00362903225806452	0.00584677419354839	0.112903225806452	0.877620968
0.14726200505476	0	0.849199663016007	0.003538332
0.00195590327169275	0.00302275960170697	0.992176386913229	0.00284495
0.00248800426515017	0.00390972098809312	0.992002843433446	0.001599431
0.0700016786973309	0.823736780258519	0.0082256169212691	0.098035924
0.0133779264214047	0.0045766590389016	0.973068121809541	0.008977293
>AAACAAA	Foxj1	5.10810637756257	format:homer2
0.841382005644026	0.113021475099286	0.0227982596283438	0.0227982596
0.999531486452931	0.000156171182356404	0.000156171182356404	0.0001561712
0.999531486452931	0.000156171182356404	0.000156171182356404	0.0001561712
0.000156171182356404	0.999531486452931	0.000156171182356404	0.0001561712
0.999531486452931	0.000156171182356404	0.000156171182356404	0.0001561712
0.854605019654143	0.0484649934486189	0.0484649934486189	0.0484649934
0.691020000843324	0.102993333052225	0.102993333052225	0.1029933331
>GTTAAT	Hnf1b	4.34933427493701	format:homer2
0.0431385375781364	0.0276929786306149	0.865351068469254	0.063817415
0.00693418210753666	0.0519495282482665	0.0388768898488121	0.9022394
0.0806044456910455	0.0699109459364701	0.0146553537620083	0.834829255
0.978065311152187	0.000164304785376874	0.0194290408708154	0.002341343
0.904123633049818	0.0454890643985419	0.00941676792223572	0.040970535
0.0291083566573371	0.0171131547381048	0.00171931227508996	0.952059176
>TTTAAT	Arid3a	4.66368656	format:homer2
0.17039182059049	0	0	0.8296082
0	0	0	1
0	0	0	1
1	0	0	0
1	0	0	0
0	0	0	1
>GGGRMTTTCC	Rela:Relb	6.64537727731158	format:homer2
0	0	0.964286	0.035714
0	0	1	0
0	0	0.941176	0.058824
0.40966440966441	0.0084030084030084	0.535714535714536	0.04621805
0.443277	0.319328	0.119748	0.117647
0.161765	0.027311	0	0.810924
0.016807	0.035714	0.031513	0.915966
0	0.165966	0.014706	0.819328
0.014706	0.936975	0	0.048319
0.0063029936970063	0.939075060924939	0	0.05462195
>KGCCACGTGGCA	Creb3l2	8.43050297746879	format:homer2
0	0.0759878419452888	0.273556231003039	0.65045593
0.0358208955223881	0.00298507462686567	0.823880597014925	0.13731343
0.0633187772925764	0.853711790393013	0	0.08296943
0.00838574423480084	0.870020964360587	0.111111111111111	0.01048218
0.984848484848485	0.00505050505050505	0	0.01010101
0	1	0	0
0	0	1	0
0	0.00467289719626168	0	0.9953271
0.0250783699059561	0.112852664576803	0.862068965517241	0
0.0958466453674121	0.00958466453674121	0.814696485623003	0.0798722
0.0603621730382294	0.895372233400402	0.0241448692152917	0.02012072
0.787746170678337	0.0962800875273523	0.0809628008752735	0.03501094
>CCACGTG	Myc	4.9404448	format:homer2
0.22	0.646667	0.102222	0.031111
0.006667	0.993333	0	0
0.817778	0	0.108889	0.073333
0	0.762222	0	0.237778
0	0	1	0
0	0.042222	0	0.957778
0	0	0.997778	0.002222
>AAAATGGCGCCAAAA	E2f2:E2f3	11.059857216938	format:homer2
0.820359281437126	0.00598802395209581	0.131736526946108	0.041916168
0.917197452229299	0	0	0.082802548
0.947019867549669	0.00662251655629139	0	0.046357616
0.838323353293413	0.0119760479041916	0.0538922155688623	0.095808383
0.191964285714286	0	0.0982142857142857	0.709821429
0	0.0208333333333333	0.954166666666667	0.025
0	0	1	0
0	0.991379310344828	0	0.00862069
0	0	1	0
0	1	0	0
0	1	0	0
0.979310344827586	0.0137931034482759	0	0.006896552
0.97972972972973	0	0	0.02027027
0.934640522875817	0.0065359477124183	0	0.058823529
0.752873563218391	0.0114942528735632	0	0.235632184
>RTGACTCAGCA	Bach1	7.6164383890411	format:homer2
0.47945205479452	0	0.383561643835616	0.1369863
0	0	0	1
0	0	1	0
1	0	0	0
0	0.753424657534246	0.246575342465753	0
0.10958904109589	0	0	0.890411
0	1	0	0
0.89041095890411	0	0.10958904109589	0
0	0	1	0
0	0.89041095890411	0	0.109589
0.616438356164384	0	0.246575342465753	0.1369863
>GTTGGCAY	Hic1	5.23543710024926	format:homer2
0.073	0.0266666666666667	0.870666666666667	0.0296666667
0.116545265348595	0.240721470690253	0.2088102670829	0.4339229969
0.0266666666666667	0.00342857142857143	0.199619047619048	0.7702857143
0.000346260387811634	0.0138504155124654	0.9851108033241	0.0006925208
0.00203942895989123	0.0166553365057784	0.98130523453433	0
0.0003003003003003	0.954954954954955	0.0036036036036036	0.0411411411
0.994938969931527	0.00148853825543316	0.00357249181303959	0
0.0189068408387762	0.415950498453077	0.0120316259883121	0.5531110347
>YGAAA	Irf4:Irf1	3.58232468775716	format:homer2
0.160422670509126	0.25312199807877	0.0355427473583093	0.550912584
0.0297790585975024	0.0144092219020173	0.95581171950048	0
0.982708933717579	0	0.0172910662824208	0
0.988472622478386	0.0115273775216138	0	0
1	0	0	0
>TGCTGAC	Mafb	4.90027330538714	format:homer2
0.0852988691437803	0.19967689822294	0.010016155088853	0.705008078
0.000907852927825692	0.00635497049477985	0.99046754425783	0.002269632
0.118521494576135	0.876657292085175	0.00200883889112093	0.002812374
0.013771657041315	0.0159928920479787	0.000888494002665482	0.969346957
0.0186721991701245	0.00539419087136929	0.905394190871369	0.070539419
0.980674157303371	0.00584269662921348	0.00764044943820225	0.005842697
0.0582027502398465	0.697793412216182	0.156699712184202	0.087304125
>YAAAAATAG	Mef2c	6.10520597532277	format:homer2
0	0.44590312358533	0	0.554096876
0.731552738795833	0.115889542779539	0.0334993209597097	0.119058397
0.772295156179268	0.014486192847442	0.1090991398823	0.104119511
0.953825260298777	0	0.0393843368039839	0.006790403
0.96468990493436	0	0.00090538705296514	0.034404708
0.96650067904029	0	0.0018107741059303	0.031688547
0.0253508374830239	0.0280669986419189	0	0.946582164
0.985513807152558	0	0.014486192847442	0
0.176097781801719	0.0543232231779088	0.756450882752377	0.013128112
>KCTAWAAATAG	Mef2a	7.64210526484211	format:homer2
0.105263157894737	0	0.526315789473684	0.36842105
0	0.868421052631579	0.0263157894736842	0.10526316
0	0	0	1
1	0	0	0
0.394736842105263	0	0	0.60526316
0.789473684210526	0	0	0.21052632
0.868421052631579	0	0	0.13157895
0.973684210526316	0	0	0.02631579
0	0	0	1
1	0	0	0
0.0789473684210526	0	0.921052631578947	0
>ATAAWTTATGC	Pou6f1	7.4	format:homer2
0.9375	0.0625	0	0
0	0	0	1
0.8125	0	0	0.1875
1	0	0	0
0.5625	0	0	0.4375
0	0.125	0.0625	0.8125
0.125	0	0.0625	0.8125
0.875	0	0	0.125
0.125	0	0	0.875
0.0625	0	0.8125	0.125
0	0.75	0.0625	0.1875
>GTTRCCA	Rfx3	5.01376861966233	format:homer2
0.00189304306672977	0.00141978230004733	0.996687174633223	0
0.000592417061611374	0.00177725118483412	0.00118483412322275	0.9964454976
0.0893821235752849	0.0197960407918416	0.0011997600479904	0.8896220756
0.27495517035266	0.00657501494321578	0.67065152420801	0.0478182905
0	0.885990338164251	0.00483091787439614	0.109178744
0.000947867298578199	0.845497630331754	0	0.1535545024
0.982316534040672	0	0.00618921308576481	0.0114942529
>ACCACA	Runx1	4.3170466883822	format:homer2
0.868621064060804	0.0857763300760044	0.0162866449511401	0.029315961
0	0.990228013029317	0	0.009771987
0	0.993485342019545	0	0.006514658
0.728555917480999	0.0401737242128122	0.218241042345277	0.013029316
0.0195439739413681	0.903365906623236	0.0380021715526602	0.039087948
0.912052117263844	0	0.00977198697068404	0.078175896
>RRGGTCA	Rxra	4.64346469698943	format:homer2
0.315294438386041	0.0678844056706652	0.589422028353326	0.027399128
0.426334422657952	0.0133442265795207	0.553649237472767	0.006672113
0.0177672955974843	0.0147798742138365	0.950157232704403	0.017295597
0.0100572489555934	0.0167105059569859	0.909020578678632	0.064211666
0.0110771024631978	0.0158868969537968	0.0170529077393966	0.955983093
0.00716845878136201	0.965750696933493	0.0109518120270808	0.016129032
0.880348004094166	0.00460593654042989	0.107062436028659	0.007983623
>GTCTAGACA	Smad3	6.79543800416465	format:homer2
0.00564174894217207	0.00451339915373766	0.984767277856135	0.005077574
0.0277927684835402	0.00782514840798705	0.0223961144090664	0.9419859687
0.00255899914700028	0.992607335797555	0.00312766562411146	0.0017059994
0	0.0128923766816144	0.00868834080717489	0.9784192825
0.985323172452724	0.00846740050804403	0.00620942703923229	0
0	0.00285388127853881	0.9962899543379	0.0008561644
0.9306851506265	0.0530525193281791	0.00133297787256732	0.0149293522
0.00564812199943519	0.985879695001412	0.00282406099971759	0.005648122
0.698339667933587	0.0868173634726945	0.0632126425285057	0.1516303261
>TTCTSWRGAA	Stat6	6.5101511879257	format:homer2
0	0.0016198704103672	0	0.99838013
0	0	0	1
0.016198704103672	0.969762419006479	0	0.014038877
0.1511879049676	0.224622030237581	0.0016198704103672	0.622570194
0.0496760259179266	0.484881209503237	0.288336933045358	0.177105832
0.51187904967603	0.1182505399568	0.01133909287257	0.358531317
0.31209503239741	0	0.650107991360689	0.037796976
0.0269978401727859	0	0.907127429805616	0.06587473
0.992980561555076	0	0	0.007019438
1	0	0	0
>AASATCAAAG	Tcf7	7.34280733970107	format:homer2
0.734447539461467	0.0287836583101207	0.133704735376045	0.103064067
0.935950413223141	0.00413223140495868	0.0278925619834711	0.032024793
0.00484496124031008	0.268410852713178	0.720930232558139	0.005813953
0.95	0.00208333333333333	0.00416666666666667	0.04375
0	0.00557413600891862	0.020066889632107	0.974358974
0.0193014705882353	0.935661764705882	0.0257352941176471	0.019301471
0.988172043010753	0	0.00537634408602151	0.006451613
0.979787234042553	0.00638297872340425	0.0106382978723404	0.003191489
0.995647442872688	0	0	0.004352557
0.0364464692482916	0	0.963553530751708	0
>CWSWGATTT	Gfi1	5.70532758791837	format:homer2
0.0833333333333333	0.75	0.0833333333333333	0.08333333
0.375	0.1875	0	0.4375
0.0816326530612245	0.26530612244898	0.530612244897959	0.12244898
0.254901960784314	0.0196078431372549	0.0392156862745098	0.68627451
0	0	1	0
1	0	0	0
0	0	0	1
0	0	0	1
0.0454545454545455	0.0909090909090909	0.136363636363636	0.72727273
>GGWAACCSS	Hivep2	4.70309278350516	format:homer2
0.206185567010309	0	0.793814432989691	0
0.206185567010309	0	0.793814432989691	0
0.443298969072165	0.180412371134021	0	0.3762887
0.896907216494846	0.0515463917525773	0.0515463917525773	0
0.804123711340206	0	0.0927835051546392	0.1030928
0	0.567010309278351	0.247422680412371	0.185567
0.167525773195876	0.445876288659794	0.167525773195876	0.2190722
0.0515463917525773	0.587628865979381	0.360824742268041	0
0.0257731958762887	0.54639175257732	0.402061855670103	0.0257732
>AAAGTGAAAGT	Prdm1	7.47807951298092	format:homer2
0.683901803171841	0.0749511188355421	0.14946773843146	0.09167934
0.757332174668693	0.0953725830979804	0.0960243319574194	0.05127091
0.906582663480339	0	0.0934173365196609	0
0.0916793395611561	0	0.877253964805561	0.031066696
0.158157723223982	0.0238974581794483	0.202042146426242	0.615902672
0.0458396697805781	0	0.954160330219422	0
1	0	0	0
0.903975668042581	0	0.0934173365196611	0.002606995
0.976971540299804	0	0.00847273517271344	0.014555725
0.034542689550293	0.030849446013469	0.909406908537911	0.025200956
0.02541820551814	0.09950032587443	0.11296980230285	0.762111666
>RTTCTAGAA	Hsf1	5.42977704430392	format:homer2
0.292249730893434	0.166038751345533	0.436221743810549	0.105489774
0.0816993464052288	0.0240429505135388	0.026844070961718	0.8674136321
0.046796256299496	0.00719942404607631	0.0542356611471082	0.8917686585
0.000804936946605849	0.997048564529112	0.00187818620874698	0.0002683123
0.00716845878136201	0.231827956989247	0.228243727598566	0.5327598566
0.541769937308646	0.210817903484473	0.235748651406911	0.0116635078
0.00311122634171636	0.0184080891884885	0.963443090484833	0.015037594
0.82688028482421	0.0829995549621718	0.0164663996439697	0.0736537606
0.72991553722255	0.0683559222156747	0.0516597917894323	0.1500687488
>GCCAR	Nfic	3.44097222222222	format:homer2
0.0234374999999998	0.0231481481481478	0.776041666666664	0.17737269
0.013020833333333	0.961082175925927	0.012731481481481	0.01316551
0.00737847222222221	0.971209490740741	0.00969328703703701	0.01171875
0.935185185185185	0.0434027777777778	0.00969328703703695	0.01171875
0.657696759259257	0.0254629629629629	0.265046296296299	0.05179398
>GGGKATTGCA	Ddit3	6.35639647498818	format:homer2
0.214265008284275	0.087578754978429	0.66589037963998	0.03226586
0.208895417768615	0.17202015251454	0.619084429716845	0
0.195018879294978	0.165938693643339	0.565291896553532	0.07375053
0.0553128978811131	0.0737505305081508	0.612809714832208	0.25812686
0.839479210875679	0	0.110625795762226	0.04989499
0	0.0184376326270377	0.0184376326270377	0.96312473
0	0	0	1
0.0184376326270377	0	0.907811836864812	0.07375053
0	0.870273017258554	0.129726982741446	0
0.901730377993611	0	0.098269622006389	0
>KMYTGGGAAYACY	Ikzf1	7.648	format:homer2
0.12	0	0.28	0.6
0.32	0.32	0.2	0.16
0	0.52	0.12	0.36
0.24	0.2	0	0.56
0.2	0	0.8	0
0	0	1	0
0	0	1	0
1	0	0	0
1	0	0	0
0	0.28	0	0.72
0.64	0	0.2	0.16
0.04	0.72	0	0.24
0.04	0.68	0	0.28
>TGGGAA	Rbpj	4.36493738879428	format:homer2
0.0465116279069768	0.0304114490161002	0.00894454382826476	0.91413238
0.0322003577817531	0.0161001788908766	0.935599284436495	0.01610018
0.0644007155635063	0.0161001788908766	0.840787119856888	0.07871199
0.0465116279069768	0.0161001788908766	0.937388193202148	0
0.905187835420395	0.0161001788908766	0.0465116279069768	0.03220036
0.923076923076924	0	0.0769230769230769	0
>AGGTGTGA	Tbx21	5.80118690529597	format:homer2
0.840657722513089	0.00929319371727749	0.107444371727749	0.042604712
0.0881067924471253	0.0693455485509547	0.776769921538392	0.0657777375
0.000463329407903627	0.0042278808471206	0.991930346145679	0.0033784436
0.000905094388414792	0.0462152277513022	0.00380509069415198	0.9490745872
0.00042732552493056	0.000951770487345337	0.998018763475322	0.0006021405
0.0317567679033934	0.116617450550176	0.00399227939356946	0.8476335022
0.0128915904081224	0.0426992184890789	0.85800881704629	0.0864003741
0.989389971501194	0.00188708310868058	0.00793345143649388	0.000789494
>AGGTGTKAH	Mga	5.94421716867347	format:homer2
0.843793584379358	0.00767085076708508	0.107391910739191	0.0411436541
0.0907814693495555	0.056621431913898	0.805334581188582	0.0472625175
0	0.00631988332523092	0.993193971803597	0.0004861449
0.000449842555105713	0.0890688259109312	0.000899685110211426	0.9095816464
0.000475511174512601	0.000475511174512601	0.998573466476462	0.0004755112
0.0364963503649635	0.0916970802919708	0.00410583941605839	0.8677007299
0.0262135922330097	0.0233009708737864	0.680582524271845	0.2699029126
0.987188612099644	0.00142348754448399	0.0099644128113879	0.0014234875
0.344322344322344	0.302197802197802	0.101953601953602	0.2515262515
>KTKTTGTK	Bptf	4.41904775619048	format:homer2
0.0476190476190476	0	0.380952380952381	0.5714286
0.0952380952380952	0.0476190476190476	0.19047619047619	0.6666667
0.142857142857143	0.238095238095238	0.333333333333333	0.2857143
0.0476190476190476	0	0	0.952381
0	0	0.0476190476190476	0.952381
0	0	0.761904761904762	0.2380952
0.0476190476190476	0.142857142857143	0	0.8095238
0.0476190476190476	0	0.476190476190476	0.4761905
>GGCGGGAR	E2f6:E2f4	5.6867136	format:homer2
0.160839	0.188811	0.65035	0
0	0	1	0
0.13986	0.825175	0	0.034965
0	0	0.986014	0.013986
0	0	1	0
0	0.020979	0.979021	0
1	0	0	0
0.667832	0	0.332168	0
>AWWKRGCGSGARR	Tfdp1	7.63793103613793	format:homer2
0.668103448275862	0.0646551724137931	0.202586206896552	0.06465517
0.46551724137931	0	0.137931034482759	0.39655172
0.448275862068966	0	0.155172413793103	0.39655172
0.155172413793103	0	0.293103448275862	0.55172414
0.293103448275862	0.155172413793103	0.551724137931034	0
0	0	1	0
0	1	0	0
0	0	1	0
0	0.258620689655172	0.741379310344828	0
0	0	0.862068965517241	0.13793103
0.844827586206897	0.155172413793103	0	0
